-0.093000 -1.272000
-0.104101 -1.271952
-0.115217 -1.272806
-0.126062 -1.262567
-0.137113 -1.263230
-0.148092 -1.261798
-0.159101 -1.261269
-0.170227 -1.262641
-0.180615 -1.252940
-0.191702 -1.254122
-0.202904 -1.256202
-0.213479 -1.251213
-0.226588 -1.270999
-0.246730 -1.349271
-0.587669 -4.028745
-0.666142 -4.353435
-0.688802 -4.239337
-0.803226 -4.752221
-0.892069 -5.045112
-0.765736 -4.020100
-0.800444 -4.012107
-0.581028 -2.633157
-0.872075 -4.007984
-0.864356 -3.791329
-0.890343 -3.751196
-0.920667 -3.733356
-0.949390 -3.709427
-0.980561 -3.696950
-1.012063 -3.686153
-1.044195 -3.677993
-1.074702 -3.663757
-1.107438 -3.657941
-2.064912 -6.876866
-2.125417 -6.861313
-2.185799 -6.845229
-2.249063 -6.838150
-0.913441 -2.525055
-1.447258 -4.047445
-2.147989 -5.968113
-2.176291 -5.883025
-2.213185 -5.825154
-1.035409 -2.520585
-1.060236 -2.519733
-1.834982 -4.422274
-2.409570 -5.733705
-2.489749 -5.786257
-1.315990 -2.881180
-1.300812 -2.777775
-1.295315 -2.700440
-1.290635 -2.627968
-1.275064 -2.534943
-1.300585 -2.531751
-1.322194 -2.520218
-1.345032 -2.511186
-1.482212 -2.726480
-1.435766 -2.579427
-1.514561 -2.673565
-1.557401 -2.697089
-1.583791 -2.689455
-1.614590 -2.689399
-1.644001 -2.686410
-1.672461 -2.681390
-1.705585 -2.683790
-1.733124 -2.676437
-1.767016 -2.678983
-1.774749 -2.639815
-1.735632 -2.529430
-1.749916 -2.503325
-1.771698 -2.488770
-4.427143 -6.306212
-4.492908 -6.283714
-4.563835 -6.267874
-4.624239 -6.236711
-1.794789 -2.299834
-1.825626 -2.299271
-3.898370 -4.959250
-3.908872 -4.884089
-3.930805 -4.824778
-3.960805 -4.776338
-3.998522 -4.737774
-4.032647 -4.695085
-4.068923 -4.655204
-3.730193 -4.184109
-3.795060 -4.184414
-3.906377 -4.235181
-3.906709 -4.161930
-3.869227 -4.049504
-3.830767 -3.938781
-1.634448 -1.596215
-1.622385 -1.556312
-1.647928 -1.554927
-3.952400 -3.792619
-4.058002 -3.828955
-4.175409 -3.874058
-4.573275 -4.177920
-5.097641 -4.585905
-5.222931 -4.619007
-5.254056 -4.566113
-5.249932 -4.482850
-5.224982 -4.383123
-5.200986 -4.286106
-3.910228 -3.146677
-3.904902 -3.086815
-3.892564 -3.022307
-3.878605 -2.957637
-3.533775 -2.640197
-3.329871 -2.439155
-3.281901 -2.359661
-3.287000 -2.320575
-3.322597 -2.303648
-3.330290 -2.266773
-2.957664 -1.968827
-2.912558 -1.901814
-2.570476 -1.639804
-2.446310 -1.528256
-2.459557 -1.507662
-2.486192 -1.495431
-2.516204 -1.484940
-2.554785 -1.479189
-2.476267 -1.403850
-2.490159 -1.383999
-2.509979 -1.367459
-2.529691 -1.350679
-2.548416 -1.333181
-2.568786 -1.316397
-2.588162 -1.298898
-2.609203 -1.282068
-2.623875 -1.261846
-2.752532 -1.297139
-2.802562 -1.292393
-2.833675 -1.277997
-2.834714 -1.249470
-2.779738 -1.196211
-2.789157 -1.172321
-2.802046 -1.149921
-2.825836 -1.131977
-2.877334 -1.124943
-4.601804 -1.776063
-4.591925 -1.726974
-4.583407 -1.678892
-4.533988 -1.616386
-4.562064 -1.582577
-4.543557 -1.532448
-4.256142 -1.392966
-4.274796 -1.358746
-4.470562 -1.380238
-4.269184 -1.276786
-4.474807 -1.297948
-4.457129 -1.251392
-4.456319 -1.210054
-4.440633 -1.164943
-4.452569 -1.127460
-4.444777 -1.085018
-4.426853 -1.040464
-4.426999 -1.000581
-4.407253 -0.956445
-4.387069 -0.912731
-4.395850 -0.875423
-4.313997 -0.820477
-4.373109 -0.793270
-4.274494 -0.737309
-4.358686 -0.713829
-4.344999 -0.673449
-4.334889 -0.633953
-4.328377 -0.595242
-4.323496 -0.556954
-4.309336 -0.517699
-4.305745 -0.479980
-3.780688 -0.387590
-3.631634 -0.340730
-3.618533 -0.308443
-3.609128 -0.276724
-3.605423 -0.245611
-3.600446 -0.214523
-3.586206 -0.183070
-3.583675 -0.152405
-3.575877 -0.121623
-3.568809 -0.091016
-3.568471 -0.060663
-3.191882 -0.027042
-3.145000 0.000001
-3.149884 0.026678
-3.544474 0.060247
-3.546816 0.090443
-3.542897 0.120474
-3.533722 0.150227
-3.527287 0.179985
-3.522591 0.209764
-3.523623 0.239894
-3.518408 0.269587
-3.511940 0.299120
-3.506214 0.328656
-3.507194 0.358848
-1.066700 0.110940
-1.056762 0.118336
-1.055693 0.126741
-1.045638 0.133885
-1.035532 0.140863
-1.032292 0.148770
-1.017150 0.154650
-1.006902 0.161146
-1.005461 0.169115
-0.995115 0.175354
-0.993551 0.183219
-0.984092 0.189408
-0.984358 0.197610
-0.973831 0.203356
-0.964243 0.209167
-0.964326 0.217246
-0.957556 0.223590
-0.955572 0.231126
-0.946777 0.236774
-0.945639 0.244491
-0.944432 0.252206
-0.933592 0.256995
-0.931317 0.264321
-0.922321 0.269463
-0.920886 0.277007
-0.919383 0.284547
-0.898016 0.285071
-0.902075 0.294480
-0.899475 0.301529
-0.897746 0.308913
-0.895020 0.315924
-0.882961 0.319165
-0.891232 0.330639
-0.879111 0.333685
-0.876169 0.340532
-0.869514 0.345726
-0.864647 0.351660
-0.866080 0.360494
-0.860197 0.365935
-0.856975 0.372616
-0.855484 0.380161
-0.855702 0.388616
-0.885101 0.412342
-0.974182 0.468533
-0.970059 0.476205
-0.964996 0.483356
-0.958133 0.489469
-0.966819 0.504500
-0.970138 0.516674
-0.973311 0.528944
-0.987419 0.548101
-0.998715 0.565954
-1.017357 0.588881
-1.164821 0.696049
-1.171214 0.713655
-1.177381 0.731425
-1.169309 0.739727
-1.160355 0.747371
-1.159491 0.760721
-1.161711 0.776465
-1.159718 0.789330
-3.520743 2.582992
-3.436190 2.565322
-3.346696 2.542068
-3.264910 2.523053
-3.192257 2.509731
-3.104650 2.482615
-3.032312 2.466377
-2.925511 2.419195
-2.865802 2.410362
-1.515266 1.258316
-1.493084 1.260643
-1.466547 1.258625
-1.587155 1.393323
-2.582484 2.362434
-2.518613 2.342389
-2.467410 2.333328
-2.415138 2.322140
-2.363244 2.310219
-2.311738 2.297572
-2.258563 2.282029
-2.212650 2.273048
-2.167737 2.264179
-2.116450 2.247271
-2.072908 2.237880
-2.029685 2.227904
-1.986790 2.217345
-1.944870 2.206975
-1.896281 2.187557
-1.866424 2.189998
-1.824212 2.176434
-1.788531 2.170182
-1.747004 2.155542
-1.713085 2.149928
-1.677012 2.140671
-1.641813 2.131761
-1.612118 2.129727
-1.576268 2.118328
-1.547530 2.116357
-1.507757 2.097466
-1.478913 2.093888
-1.449695 2.089129
-1.420667 2.084021
-1.361626 2.030228
-1.327141 2.013937
-1.293553 1.998057
-1.289267 2.030860
-1.271999 2.042089
-1.245270 2.036633
-1.218242 2.029993
-1.191419 2.023037
-1.165742 2.017536
-1.139322 2.009967
-1.113116 2.002092
-1.086236 1.992124
-1.064430 1.991728
-1.038402 1.982078
-1.012617 1.972126
-0.991225 1.970977
-0.966670 1.962296
-0.945525 1.960675
-0.921740 1.952391
-0.900844 1.950310
-0.877051 1.940596
-0.859720 1.946434
-0.836971 1.938113
-0.808823 1.914558
-0.794483 1.927310
-0.773965 1.922989
-0.751624 1.912784
-0.733320 1.913718
-0.712578 1.906869
-0.690502 1.895036
-0.673942 1.900178
-0.651941 1.886958
-0.633249 1.884073
-0.614381 1.880043
-0.595626 1.875828
-0.577234 1.872398
-0.559425 1.870730
-0.539814 1.861116
-0.521531 1.856175
-0.503585 1.852034
-0.485537 1.846743
-0.467612 1.841279
-0.451720 1.845459
-0.433780 1.838687
-0.416332 1.833712
-0.398832 1.827587
-0.381308 1.820310
-0.365412 1.822756
-0.348243 1.816152
-0.331210 1.809387
-0.314314 1.802464
-0.297671 1.796378
-0.281987 1.798096
-0.265426 1.790718
-0.249792 1.792154
-0.233441 1.784482
-0.217863 1.785640
-0.201727 1.777678
-0.185739 1.769572
-0.170293 1.770314
-0.154841 1.770921
-0.119909 1.027648
-0.110086 0.978851
-0.108271 1.749933
-0.092999 1.743000
0.093000 0.458000
0.096918 0.448983
0.100836 0.448932
0.104727 0.447847
0.108670 0.448727
0.112672 0.450571
0.116551 0.449383
0.120411 0.448163
0.124460 0.449901
0.128464 0.450607
0.131523 0.440318
0.135460 0.440961
0.139515 0.442562
0.142357 0.433197
0.146379 0.434735
0.150432 0.436236
0.154375 0.436708
0.158332 0.437145
0.162300 0.437546
0.165126 0.431007
0.169058 0.431346
0.173001 0.431649
0.177147 0.432898
0.181320 0.434107
0.185105 0.433319
0.188883 0.432499
0.192878 0.432620
0.196183 0.429788
0.200413 0.430811
0.203668 0.427921
0.206880 0.425007
0.210318 0.423034
0.213454 0.420071
0.219671 0.427634
0.221936 0.421730
0.225611 0.420589
0.228967 0.418465
0.232297 0.416314
0.238203 0.421701
0.241210 0.418533
0.244515 0.416284
0.251294 0.423376
0.254624 0.421045
0.257559 0.417758
0.260824 0.415378
0.264825 0.414822
0.268048 0.412386
0.274431 0.417262
0.278472 0.416577
0.281685 0.414032
0.285291 0.412370
0.288883 0.410676
0.292459 0.408951
0.295574 0.406300
0.298204 0.402735
0.302634 0.402703
0.310835 0.409688
0.314879 0.408650
0.317467 0.404949
0.320992 0.402975
0.325500 0.402702
0.329005 0.400658
0.331978 0.397726
0.335962 0.396478
0.344182 0.401975
0.342307 0.391334
0.351159 0.397530
0.355722 0.396930
0.359176 0.394622
0.362609 0.392284
0.366022 0.389916
0.368834 0.386705
0.373374 0.385901
0.382084 0.390674
0.384880 0.387338
0.388858 0.385570
0.392211 0.382973
0.395542 0.380348
0.399479 0.378470
0.402770 0.375781
0.411180 0.379192
0.415126 0.377161
0.424310 0.381128
0.428948 0.379721
0.431580 0.376031
0.435524 0.373800
0.438091 0.370065
0.448879 0.375019
0.452138 0.371899
0.453968 0.367324
0.458574 0.365574
0.468883 0.369379
0.485040 0.378589
0.482526 0.369646
0.477692 0.358731
0.478596 0.353334
0.475720 0.344602
0.477963 0.340587
0.473374 0.330654
0.468641 0.320827
0.470660 0.316894
0.465695 0.307226
0.469916 0.305220
0.463956 0.295072
0.465729 0.291208
0.460323 0.281857
0.461171 0.277437
0.456343 0.268860
0.458676 0.265679
0.460166 0.261897
0.454246 0.252947
0.455616 0.249219
0.450315 0.241012
0.453239 0.238437
0.454467 0.234739
0.448068 0.226203
0.449180 0.222566
0.451109 0.219449
0.445296 0.211681
0.447130 0.208598
0.446338 0.204000
0.448105 0.200909
0.441099 0.192954
0.434860 0.185615
0.435584 0.182155
0.438047 0.179620
0.438711 0.176148
0.441129 0.173571
0.433643 0.166143
0.434177 0.162733
0.436491 0.160172
0.436055 0.156339
0.427358 0.148866
0.436898 0.149531
0.428984 0.142617
0.429292 0.139297
0.431422 0.136731
0.432602 0.133773
0.432823 0.130446
0.422709 0.123273
0.422832 0.120049
0.426695 0.118168
0.426768 0.114926
0.427758 0.112009
0.417310 0.105375
0.420125 0.103142
0.418144 0.099406
0.421875 0.097417
0.422713 0.094544
0.422562 0.091396
0.415619 0.086446
0.413457 0.082876
0.415138 0.080318
0.415827 0.077504
0.417465 0.074909
0.411272 0.070559
0.410898 0.067571
0.409516 0.064396
0.406139 0.060868
0.411575 0.059044
0.407154 0.055394
0.406639 0.052485
0.409060 0.050059
0.406518 0.046856
0.405925 0.043979
0.396382 0.039941
0.408630 0.038754
0.396039 0.034527
0.408263 0.033136
0.395600 0.029137
0.396839 0.026583
0.397060 0.023930
0.400250 0.021485
0.397431 0.018620
0.396583 0.015910
0.392714 0.013086
0.394816 0.010540
0.392897 0.007853
0.396954 0.005306
0.393989 0.002627
0.393000 0.000000
0.394989 -0.002635
0.393954 -0.005253
0.392897 -0.007853
0.391818 -0.010435
0.392714 -0.013086
0.391590 -0.015648
0.392440 -0.018315
0.394264 -0.021066
0.384100 -0.022910
0.381896 -0.025275
0.382660 -0.027891
0.390362 -0.031254
0.382129 -0.032942
0.383816 -0.035708
0.382502 -0.038114
0.380178 -0.040360
0.377837 -0.042569
0.377454 -0.045053
0.377050 -0.047534
0.379579 -0.050532
0.375194 -0.052302
0.373745 -0.054571
0.373258 -0.057019
0.373728 -0.059671
0.374173 -0.062335
0.374593 -0.065011
0.381794 -0.069333
0.381178 -0.071851
0.373763 -0.072610
0.371187 -0.074540
0.370526 -0.076965
0.368882 -0.079108
0.367222 -0.081228
0.369372 -0.084495
0.362902 -0.085100
0.374513 -0.091469
0.376549 -0.094874
0.364364 -0.093438
0.373907 -0.099474
0.369270 -0.100554
0.371192 -0.104012
0.368406 -0.105719
0.369334 -0.108851
0.370228 -0.112007
0.367392 -0.113657
0.365469 -0.115656
0.363533 -0.117631
0.362496 -0.119987
0.363259 -0.123164
0.363986 -0.126363
0.362873 -0.128723
0.358144 -0.129319
0.357901 -0.132075
0.356738 -0.134381
0.354668 -0.136216
0.353470 -0.138494
0.354009 -0.141716
0.353637 -0.144473
0.360199 -0.151174
0.355406 -0.151500
0.356659 -0.155307
0.355293 -0.157602
0.354761 -0.160407
0.350807 -0.161095
0.349391 -0.163339
0.351311 -0.167749
0.349003 -0.169445
0.354976 -0.176705
0.346007 -0.173887
0.355129 -0.183544
0.347004 -0.181179
0.351076 -0.187504
0.351038 -0.190938
0.347765 -0.191979
0.348460 -0.196021
0.345951 -0.197627
0.343435 -0.199205
0.348681 -0.207046
0.349179 -0.211178
0.347327 -0.213406
0.345455 -0.215617
0.342054 -0.216499
0.344649 -0.222640
0.339724 -0.222151
0.339988 -0.226323
0.340198 -0.230515
0.340353 -0.234729
0.337576 -0.236184
0.336932 -0.239711
0.333416 -0.240416
0.332711 -0.243932
0.331268 -0.246734
0.329794 -0.249529
0.335109 -0.259631
0.334861 -0.263945
0.333887 -0.267532
0.330218 -0.268126
0.328525 -0.270941
0.328750 -0.276027
0.331474 -0.284203
0.332801 -0.290902
0.321443 -0.282104
0.327688 -0.295043
0.325104 -0.297080
0.321894 -0.298301
0.324097 -0.306676
0.323196 -0.311093
0.320473 -0.313090
0.322378 -0.321576
0.320710 -0.325203
0.318430 -0.328002
0.315559 -0.329957
0.317638 -0.339392
0.314668 -0.341339
0.311681 -0.343260
0.314506 -0.354484
0.311404 -0.356404
0.308801 -0.359153
0.305659 -0.361023
0.307500 -0.371525
0.304742 -0.374253
0.301468 -0.376086
0.299133 -0.379649
0.300037 -0.389380
0.296631 -0.391172
0.294118 -0.394716
0.294681 -0.404510
0.291582 -0.407154
0.291466 -0.416092
0.287827 -0.417808
0.287906 -0.427682
0.280099 -0.420231
1.543649 -3.336265
1.527374 -3.379174
1.516200 -3.435908
0.703609 -1.511310
0.662176 -1.444939
0.652412 -1.457319
0.613758 -1.392832
0.597138 -1.385107
0.585365 -1.390396
0.569957 -1.385185
0.555630 -1.382656
0.540766 -1.378081
0.528723 -1.381936
0.513723 -1.376123
0.499142 -1.371112
0.484681 -1.365953
0.470073 -1.359683
0.458452 -1.363887
0.444033 -1.357343
0.432175 -1.360355
0.418423 -1.355484
0.406582 -1.358272
0.392769 -1.352170
0.380958 -1.354735
0.367131 -1.347397
0.353645 -1.340903
0.341751 -1.342143
0.328467 -1.335399
0.316970 -1.338390
0.305438 -1.341281
0.292395 -1.334183
0.279353 -1.325969
0.268036 -1.329528
0.256427 -1.331005
0.243673 -1.322444
0.232127 -1.323709
0.220762 -1.326863
0.208307 -1.317966
0.196801 -1.318922
0.184590 -1.309802
0.173340 -1.313545
0.161874 -1.314197
0.150359 -1.313748
0.138614 -1.306204
0.127213 -1.306552
0.115810 -1.306801
0.104336 -1.298951
0.093000 -1.300000
