-3.153347 2.848165
-3.142061 2.820918
-3.032312 2.866377
-2.749469 2.749220
-2.690933 2.607902
-2.415138 2.722140
-2.221473 2.641921
-2.167737 2.664179
-1.987251 2.589420
-1.944870 2.606975
-1.783852 2.540279
-1.747004 2.555542
-1.616715 2.501574
-1.576268 2.518328
-1.457055 2.468948
-1.420667 2.484021
-1.295716 2.432265
-1.271999 2.442089
-1.166886 2.398549
-1.139322 2.409967
-1.030291 2.364805
-1.012617 2.372126
-0.930396 2.338069
-0.900844 2.350310
-0.819900 2.316782
-0.794483 2.327310
-0.703534 2.289638
-0.690502 2.295036
-0.619878 2.265783
-0.595626 2.275828
-0.520883 2.244869
-0.503585 2.252034
-0.437843 2.224802
-0.416332 2.233712
-0.344408 2.203920
-0.331210 2.209387
-0.269700 2.183909
-0.249792 2.192154
-0.183678 2.164769
-0.170293 2.170314
-0.098676 2.140649
-0.092999 2.143000
0.189843 2.025843
0.307001 1.743000
0.189843 1.460157
-0.092999 1.343000
-0.164616 1.372665
-0.170293 1.370314
-0.236407 1.397699
-0.249792 1.392154
-0.311303 1.417633
-0.331210 1.409387
-0.403134 1.439179
-0.416332 1.433712
-0.482075 1.460944
-0.503585 1.452034
-0.578328 1.482993
-0.595626 1.475828
-0.666249 1.505081
-0.690502 1.495036
-0.781450 1.532708
-0.794483 1.527310
-0.875427 1.560838
-0.900844 1.550310
-0.983065 1.584367
-1.012617 1.572126
-1.121647 1.617288
-1.139322 1.609967
-1.244434 1.653506
-1.271999 1.642089
-1.396950 1.693845
-1.420667 1.684021
-1.539879 1.733400
-1.576268 1.718328
-1.706557 1.772295
-1.747004 1.755542
-1.908022 1.822238
-1.944870 1.806975
-2.125356 1.881734
-2.167737 1.864179
-2.361402 1.944398
-2.415138 1.922140
-2.697980 2.039297
-2.756516 2.180615
-3.032312 2.066377
-3.315154 2.183535
-3.326441 2.210782
-3.436190 2.165322
-3.719033 2.282479
-3.836190 2.565322
-3.719033 2.848165
-3.436190 2.965322
-3.153347 2.848165

0.177652 0.830232
0.185105 0.833319
0.200903 0.826776
0.203668 0.827921
0.220275 0.821042
0.221936 0.821730
0.235433 0.816140
0.241210 0.818533
0.254825 0.812894
0.260824 0.815378
0.272879 0.810385
0.281685 0.814032
0.314687 0.800363
0.320992 0.802975
0.333794 0.797672
0.344182 0.801975
0.382199 0.786228
0.384880 0.787338
0.421879 0.772013
0.431580 0.776031
0.453285 0.767041
0.453968 0.767324
0.476203 0.758114
0.477692 0.758731
0.760535 0.641574
0.877692 0.358731
0.865316 0.328853
0.868641 0.320827
0.861050 0.302503
0.865729 0.291208
0.856877 0.269837
0.860166 0.261897
0.851692 0.241439
0.854467 0.234739
0.845384 0.212812
0.847130 0.208598
0.831154 0.170031
0.834177 0.162733
0.827415 0.146407
0.828984 0.142617
0.821840 0.125370
0.822709 0.123273
0.816303 0.107808
0.817310 0.105375
0.817041 0.104724
0.822562 0.091396
0.816599 0.077000
0.817465 0.074909
0.811234 0.059866
0.811575 0.059044
0.805629 0.044692
0.805925 0.043979
0.795441 0.018668
0.796583 0.015910
0.792535 0.006136
0.793989 0.002627
0.790198 -0.006524
0.791818 -0.010435
0.782583 -0.032730
0.783816 -0.035708
0.771147 -0.066294
0.773763 -0.072610
0.769106 -0.083853
0.769372 -0.084495
0.768537 -0.086511
0.773907 -0.099474
0.769472 -0.110182
0.770228 -0.112007
0.757102 -0.143697
0.760199 -0.151174
0.745531 -0.186586
0.747765 -0.191979
0.744496 -0.199871
0.749179 -0.211178
0.732110 -0.252388
0.735109 -0.259631
0.728534 -0.275506
0.728750 -0.276027
0.722567 -0.290954
0.725104 -0.297080
0.718668 -0.312619
0.722378 -0.321576
0.714430 -0.340764
0.714668 -0.341339
0.697403 -0.383021
0.700037 -0.389380
0.690219 -0.413082
0.691466 -0.416092
0.574308 -0.698935
0.291466 -0.816092
0.008623 -0.698935
-0.108534 -0.416092
-0.098716 -0.392389
-0.099963 -0.389380
-0.091279 -0.368415
-0.094341 -0.361023
-0.071376 -0.305578
-0.074896 -0.297080
-0.068713 -0.282154
-0.071250 -0.276027
-0.064675 -0.260152
-0.064891 -0.259631
-0.059854 -0.247471
-0.063068 -0.239711
-0.058035 -0.227560
-0.060276 -0.222151
-0.050007 -0.197359
-0.052235 -0.191979
-0.049367 -0.185055
-0.053993 -0.173887
-0.048944 -0.161697
-0.049193 -0.161095
-0.040695 -0.140579
-0.043262 -0.134381
-0.026613 -0.094188
-0.030628 -0.084495
-0.025971 -0.073253
-0.026237 -0.072610
-0.023575 -0.066182
-0.026272 -0.059671
-0.022097 -0.049592
-0.022950 -0.047534
-0.014325 -0.026712
-0.015900 -0.022910
-0.005667 0.001795
-0.006011 0.002627
-0.001963 0.012401
-0.003417 0.015910
-0.001169 0.021337
-0.004400 0.029137
0.019085 0.085834
-0.174173 0.165884
-0.291330 0.448727
-0.174173 0.731569
0.108670 0.848727
0.116297 0.845567
0.128464 0.850607
0.177652 0.830232

-1.183705 1.541468
-1.066547 1.258625
-1.119620 1.130497
-0.877512 1.030213
-0.827883 0.910398
-0.734514 0.871723
-0.702791 0.795136
-0.683977 0.787343
-0.654822 0.716957
-0.602258 0.695185
-0.485101 0.412342
-0.486329 0.409377
-0.466080 0.360494
-0.583238 0.077651
-0.593680 0.073326
-0.619233 0.011637
-0.639451 0.003262
-0.648474 -0.018522
-0.661155 -0.023774
-0.672729 -0.051717
-0.690719 -0.059169
-0.701515 -0.085233
-0.710496 -0.088953
-0.724059 -0.121697
-0.765753 -0.138967
-0.772850 -0.156101
-1.055693 -0.273259
-1.338536 -0.156101
-1.455693 0.126741
-1.340813 0.404087
-1.349829 0.425853
-1.443198 0.464528
-1.560355 0.747371
-1.507283 0.875498
-1.749390 0.975782
-1.866547 1.258625
-1.749390 1.541468
-1.466547 1.658625
-1.183705 1.541468

-3.229098 0.581963
-3.152449 0.396916
-3.145000 0.400001
-2.862157 0.282844
-2.745000 0.000001
-2.862157 -0.282842
-3.145000 -0.399999
-3.240135 -0.360593
-3.335691 -0.591286
-3.618533 -0.708443
-3.901376 -0.591286
-4.018533 -0.308443
-3.968787 -0.188346
-3.983675 -0.152405
-3.896021 0.059209
-3.933722 0.150227
-3.891994 0.250966
-3.911940 0.299120
-3.794783 0.581963
-3.511940 0.699120
-3.229098 0.581963

-0.168742 -0.870352
-0.148092 -0.861798
-0.108231 -0.878309
-0.093000 -0.872000
0.038200 -0.926345
0.104336 -0.898951
0.151509 -0.918490
0.161874 -0.914197
0.206608 -0.932726
0.220762 -0.926863
0.248978 -0.938551
0.279353 -0.925969
0.330076 -0.946979
0.341751 -0.942143
0.393636 -0.963634
0.406582 -0.958272
0.440030 -0.972127
0.470073 -0.959683
0.527628 -0.983523
0.540766 -0.978081
0.595068 -1.000574
0.613758 -0.992832
0.896601 -1.109989
1.013758 -1.392832
0.896601 -1.675674
0.613758 -1.792832
0.559456 -1.770339
0.540766 -1.778081
0.483211 -1.754241
0.470073 -1.759683
0.436625 -1.745828
0.406582 -1.758272
0.354697 -1.736781
0.341751 -1.742143
0.291029 -1.721133
0.279353 -1.725969
0.251137 -1.714282
0.220762 -1.726863
0.176028 -1.708334
0.161874 -1.714197
0.114701 -1.694657
0.104336 -1.698951
-0.026864 -1.644606
-0.093000 -1.672000
-0.132861 -1.655489
-0.148092 -1.661798
-0.182253 -1.647648
-0.202904 -1.656202
-0.485747 -1.539044
-0.602904 -1.256202
-0.485747 -0.973359
-0.202904 -0.856202
-0.168742 -0.870352

-2.542993 -0.849134
-2.508757 -0.931789
-2.305319 -1.016055
-2.283066 -1.069780
-2.207316 -1.101156
-2.090159 -1.383999
-2.100469 -1.408891
-2.059557 -1.507662
-2.176714 -1.790505
-2.459557 -1.907662
-2.742400 -1.790505
-2.795544 -1.662202
-2.833675 -1.677997
-3.116518 -1.560839
-3.233675 -1.277997
-3.199514 -1.195524
-3.225836 -1.131977
-3.108679 -0.849134
-2.825836 -0.731977
-2.542993 -0.849134

-1.365086 -1.272085
-1.247928 -1.554927
-1.365086 -1.837770
-1.647928 -1.954927
-1.930771 -1.837770
-2.047928 -1.554927
-1.930771 -1.272085
-1.647928 -1.154927
-1.365086 -1.272085

-4.040653 -0.274111
-3.923496 -0.556954
-3.936348 -0.587981
-3.874494 -0.737309
-3.991651 -1.020151
-4.042337 -1.041146
-4.067124 -1.100987
-4.040633 -1.164943
-4.100186 -1.308718
-4.070562 -1.380238
-4.151183 -1.574875
-4.133988 -1.616386
-4.251146 -1.899228
-4.533988 -2.016386
-4.816831 -1.899228
-4.933988 -1.616386
-4.853367 -1.421749
-4.870562 -1.380238
-4.811008 -1.236463
-4.840633 -1.164943
-4.780761 -1.020401
-4.807253 -0.956445
-4.690096 -0.673602
-4.677363 -0.668328
-4.723496 -0.556954
-4.606339 -0.274111
-4.323496 -0.156954
-4.040653 -0.274111

-0.992222 -2.252100
-0.875064 -2.534943
-0.992222 -2.817785
-1.275064 -2.934943
-1.301718 -2.923903
-1.350794 -2.944231
-1.361158 -2.969253
-1.644001 -3.086410
-1.765621 -3.036034
-1.774749 -3.039815
-2.057592 -2.922657
-2.174749 -2.639815
-2.057592 -2.356972
-1.774749 -2.239815
-1.678151 -2.279827
-1.435766 -2.179427
-1.409113 -2.190467
-1.275064 -2.134943
-0.992222 -2.252100

-3.047447 -1.983930
-2.930290 -2.266773
-3.047447 -2.549616
-3.153158 -2.593403
-3.133775 -2.640197
-3.250932 -2.923040
-3.533775 -3.040197
-3.816618 -2.923040
-3.933775 -2.640197
-3.816618 -2.357355
-3.710907 -2.313568
-3.730290 -2.266773
-3.613133 -1.983930
-3.330290 -1.866773
-3.047447 -1.983930

1.810217 -3.096331
1.927374 -3.379174
1.810217 -3.662016
1.527374 -3.779174
1.244531 -3.662016
1.127374 -3.379174
1.244531 -3.096331
1.527374 -2.979174
1.810217 -3.096331

-0.791859 -3.380914
-0.788962 -3.387910
-0.637824 -3.450513
-0.523347 -3.726884
-0.517602 -3.729264
-0.400444 -4.012107
-0.418611 -4.055965
-0.383300 -4.070592
-0.266142 -4.353435
-0.383300 -4.636277
-0.666142 -4.753435
-0.948985 -4.636277
-1.066142 -4.353435
-1.047975 -4.309576
-1.083287 -4.294950
-1.197764 -4.018578
-1.203509 -4.016198
-1.206407 -4.009203
-1.357545 -3.946599
-1.474702 -3.663757
-1.357545 -3.380914
-1.074702 -3.263757
-0.791859 -3.380914

-4.918144 -4.003263
-4.800986 -4.286106
-4.811404 -4.311256
-4.697641 -4.585905
-4.814798 -4.868747
-5.097641 -4.985905
-5.380483 -4.868747
-5.497641 -4.585905
-5.487223 -4.560755
-5.600986 -4.286106
-5.483829 -4.003263
-5.200986 -3.886106
-4.918144 -4.003263

-3.623866 -3.879087
-3.506709 -4.161930
-3.623866 -4.444772
-3.719860 -4.484534
-3.645531 -4.663980
-3.615527 -4.676408
-3.498370 -4.959250
-3.615527 -5.242093
-3.898370 -5.359250
-4.181213 -5.242093
-4.285485 -4.990356
-4.315490 -4.977928
-4.432647 -4.695085
-4.315490 -4.412242
-4.219496 -4.372480
-4.306709 -4.161930
-4.189551 -3.879087
-3.906709 -3.761930
-3.623866 -3.879087

-2.304514 -5.462984
-2.213185 -5.425154
-1.930343 -5.542312
-1.813185 -5.825154
-1.930343 -6.107997
-2.213185 -6.225154
-2.398420 -6.148428
-2.489749 -6.186257
-2.772591 -6.069100
-2.889749 -5.786257
-2.772591 -5.503415
-2.489749 -5.386257
-2.304514 -5.462984

-4.210065 -6.000871
-4.092908 -6.283714
-4.210065 -6.566557
-4.492908 -6.683714
-4.775750 -6.566557
-4.892908 -6.283714
-4.775750 -6.000871
-4.492908 -5.883714
-4.210065 -6.000871

-1.966221 -6.555307
-1.849063 -6.838150
-1.966221 -7.120993
-2.249063 -7.238150
-2.531906 -7.120993
-2.649063 -6.838150
-2.531906 -6.555307
-2.249063 -6.438150
-1.966221 -6.555307

